发送：EE 19 08 01 01 FB 01 01 0E
接收：CC 19 18 01 01 FB 81 73 23 01 D1 03 44 00 00 01 84 00 00 61 00 C8 00 00 01 D9 


发送：EE 19 08 01 01 FB (三字节地址)01 01 0E
接收：CC 19 18 01 01 FB （后面按协议5.6.5解析）81 73 23 01 D1 03 44 00 00 01 84 00 00 61 00 C8 00 00 01 D9 



发送：
EE 16 08 01 01 01 01 02 18 2A 
EE 19 07 01 02 18 01 01 2B 
EE 11 07 01 02 18 00 00 21 
EE 19 07 01 02 18 01 01 2B 
EE 19 07 01 02 18 01 01 2B 
EE 19 07 01 02 18 01 01 2B 
EE 11 07 01 02 18 64 64 E9 


接收：
CC 19 18 01 02 18 81 73 24 01 D0 02 FC 00 00 01 62 00 00 61 00 C8 00 00 01 8C CC 11 07 01 02 18 00 00 FF CC 19 18 01 02 18 81 73 24 02 53 00 00 00 00 00 00 00 00 00 00 00 00 00 00 85 CC 19 18 01 02 18 81 73 24 02 4A 00 00 00 00 00 00 00 00 00 00 00 00 00 00 7C CC 19 18 01 02 18 81 73 24 02 49 00 00 00 00 00 00 00 00 00 00 00 00 00 00 7B CC 11 07 01 02 18 64 64 C7 
